camera_name: "camera/left"
image_width: 1920
image_height: 1080
camera_matrix:
  rows: 3
  cols: 3
  data: [1068.23, 0.0, 955.01, 0.0, 1068.35, 531.711, 0.0, 0.0, 1.0]
distortion_model: "plumb_bob"
distortion_coefficients:
  rows: 1
  cols: 5
  data: [-0.0489445, 0.0218387, 7.35987e-05, -0.000170314, -0.00902939]
rectification_matrix:
  rows: 3
  cols: 3
  data: [1.0, 0.0, 0.0, 0.0, 1.0, 0.0, 0.0, 0.0, 1.0]
projection_matrix:
  rows: 3
  cols: 4
  data: [1068.23, 0.0, 955.01, 0.0, 0.0, 1068.35, 531.711, 0.0, 0.0, 0.0, 1.0, 0.0]
